0	766409	6487590	128.263	34.3493
1	708715	6296370	128.578003	35.788399
2	689243	6273700	128.729996	35.970402
3	680243	6248910	128.787003	36.159599
4	667661	6214250	128.867996	36.424599
5	567657	6045860	129.636002	37.747501
6	430792	5901690	130.824997	38.914902
7	298488	5757030	132.031998	40.074902
8	91986.70313	5370780	134.018997	43.112499
9	-77949.20313	5150210	135.867004	44.848598
10	-315595	4990160	138.619003	46.045898
11	-598622	4920660	141.936005	46.3909
12	-1029020	4694560	147.363007	47.602901
13	-1372940	4497260	151.977005	48.442501
14	-1526410	4240540	154.796997	50.0336
15	-1573740	4115770	155.925003	50.8587
16	-1573810	4113750	155.934998	50.874001
17	-1815720	3292910	163.873001	56.258202
18	-2104710	2281440	177.692993	61.900501
19	-2120270	2204320	178.886002	62.2967
20	-2132530	2132530	180	62.669102
21	-2166020	1749710	-173.931	64.6987
22	-2088790	1511250	-170.886002	66.521202
23	-2072490	1497240	-170.845993	66.710999
24	-1936380	1548050	-173.641006	67.400398
25	-1643310	1643310	180	68.7826
26	-1579290	1658610	178.597	69.084198
27	-1488010	1676180	176.597	69.521301
28	-1395950	1728150	173.929993	69.698997
29	-1263100	1812210	169.876007	69.811501
30	-1114640	1863800	165.880997	70.145699
31	-971793	1894060	162.160995	70.530296
32	-784395	1881330	157.632996	71.343803
33	-573464	1865200	152.089996	72.1269
34	-323353	1800900	145.179001	73.225601
35	-242812	1765490	142.830994	73.656097
36	-166289	1768900	140.369995	73.705101
37	-119925	1786040	138.841003	73.584099
38	-46285.10156	1794460	136.477997	73.538902
39	24770.40039	1766420	134.197006	73.796501
40	76289.20313	1736890	132.485001	74.050499
41	454662	1544040	118.592003	75.220596
42	630645	1318020	109.43	76.571297
43	666596	1276240	107.420998	76.765198
44	846823	1216980	100.167999	76.375504
45	922246	1139740	96.021301	76.525597
46	1076330	1110710	90.900497	75.792603
47	1222980	1067690	86.121696	75.094597
48	1303590	1009480	82.7537	74.864899
49	1413730	951000	78.9282	74.365303
50	1478440	892657	76.122803	74.154999
51	1608000	815005	71.877899	73.469299
52	1616240	810102	71.621201	73.422699
53	1777240	705284	66.645302	72.4814
54	2061670	577326	60.643799	70.421097
55	2194590	552162	59.122501	69.327904
56	2234390	439291	56.1227	69.201103
57	2251900	368919	54.303902	69.1586
58	2301440	123590	48.073898	68.954399
59	2191800	-489573	32.408798	69.481598
60	2120930	-550646	30.4459	69.970299
61	2018500	-619762	27.9314	70.685699
62	1964140	-718876	24.8974	70.864899
63	1946400	-840554	21.642799	70.6082
64	1952450	-1001910	17.834999	69.941002
65	2050090	-1268820	13.2463	68.006798
66	2223020	-1620210	8.91427	64.995201
67	2263910	-1783310	6.77217	63.841801
68	2323980	-1848050	6.50789	63.077
69	2497010	-1982190	6.5566	61.169102
70	2504710	-1988130	6.55897	61.084702
71	2784900	-2250060	6.06353	57.791
72	3105770	-2571670	5.37419	53.965599
73	3132580	-2591540	5.39956	53.6866
74	3163320	-2614310	5.42813	53.367298
75	3186880	-2631760	5.44968	53.123001
76	3205580	-2645620	5.46657	52.929199
77	3226510	-2661130	5.48524	52.7127
78	3294160	-2711250	5.54405	52.014599
79	3175100	-2872220	2.86727	51.889999
80	2974720	-2723770	2.52161	53.956699
81	2645780	-2394060	2.85931	57.894798
82	2371580	-2137730	2.96863	61.128101
83	2188630	-1996510	2.62844	63.136002
84	2082400	-1881990	2.89399	64.501801
85	2034190	-1689730	5.28484	65.934196
86	1865930	-1347830	9.15805	68.980698
87	1753770	-1041240	14.3017	71.332298
88	1745850	-830055	19.571501	72.291397
89	1771440	-654600	24.7192	72.694
90	1866450	-481360	30.5385	72.342003
91	2004180	-388428	34.031502	71.3153
92	2007280	-385530	34.1278	71.292801
93	2097870	121044	48.3022	70.776901
94	2056740	324677	53.970699	70.948898
95	2043750	376892	55.4487	70.984901
96	2001200	384946	55.888302	71.347504
97	1681080	528963	62.466499	73.835098
98	1510340	640153	67.969498	74.940804
99	1507660	641916	68.062897	74.956902
100	1507130	642228	68.0802	74.960197
101	1358950	730828	73.270798	75.825897
102	1298140	785660	76.183197	76.059097
103	1197660	839014	80.013	76.560501
104	1133740	885166	82.980904	76.778702
105	1029550	915730	86.651398	77.330299
106	823223	954609	94.226601	78.401703
107	737896	1041990	99.695396	78.253098
108	577705	1094660	107.177002	78.6101
109	566952	1098750	107.706001	78.622498
110	102125	1284340	130.453995	78.147202
111	-117317	1307070	140.128998	77.928596
112	-344063	1233270	150.587997	78.220596
113	-547831	1275660	158.240997	77.235001
114	-720387	1345770	163.160004	75.976501
115	-867549	1501230	165.022995	74.093002
116	-1178260	1544140	172.345993	72.208397
117	-1440410	1475010	179.320007	71.133598
118	-1455260	1478540	179.546005	71.017601
119	-1475170	1475030	-179.996994	70.913902
120	-1536020	1463000	-178.604996	70.598099
121	-1871620	1358470	-170.973007	68.883797
122	-2113270	1268270	-165.970001	67.529198
123	-2261750	1395920	-166.682007	65.815804
124	-2369220	1727730	-171.100998	63.400299
125	-2318770	2228990	-178.869003	60.924
126	-2314820	2251260	-179.203003	60.8144
127	-2304370	2304190	-179.998001	60.5569
128	-2299190	2328480	179.636993	60.4394
129	-2007800	3348380	165.947998	55.041698
130	-1772880	4145470	158.154999	50.019199
131	-1772570	4155240	158.102005	49.946602
132	-1707150	4327720	156.528	48.847599
133	-1517790	4644470	153.097	46.957901
134	-1125310	4869620	148.011993	46.063202
135	-670024	5108790	142.472	44.834801
136	-397824	5175630	139.395004	44.531601
137	-216580	5297700	137.341003	43.6562
138	-76568.39844	5479430	135.800995	42.268101
139	133954	5873200	133.692993	39.237999
140	284463	6037770	132.302994	37.957401
141	407156	6167010	131.223007	36.9412
142	486089	6299920	130.587997	35.917301
143	515352	6380530	130.382004	35.3092
144	519946	6393840	130.350998	35.209202
145	541880	6457330	130.203003	34.733101
146	674042	6515420	129.093994	34.222099
147	766409	6487590	128.263	34.3493
